"number","street"
"188"," Diamond St"
"190"," Diamond St"
"192"," Diamond St"
"194"," Diamond St"
"196"," Diamond St"
"198"," Diamond St"
"1219"," Diamond St"
"1221"," Diamond St"
"1223"," Diamond St"
"1225"," Diamond St"
"1227"," Diamond St"
"1229"," Diamond St"
"1231"," Diamond St"
"1233"," Diamond St"
"1235"," Diamond St"
"1237"," Diamond St"
"1239"," Diamond St"
"1241"," Diamond St"
"1243"," Diamond St"
"1245"," Diamond St"
"1247"," Diamond St"
"1249"," Diamond St"
"1251"," Diamond St"
"1253"," Diamond St"
"1255"," Diamond St"
"1257"," Diamond St"
"1259"," Diamond St"
"1261"," Diamond St"
"1263"," Diamond St"
"1265"," Diamond St"
"1267"," Diamond St"
"1269"," Diamond St"
"1271"," Diamond St"
"1273"," Diamond St"
"1275"," Diamond St"
"1277"," Diamond St"
"1279"," Diamond St"
"1281"," Diamond St"
"1283"," Diamond St"
"1285"," Diamond St"
"1287"," Diamond St"
"1289"," Diamond St"
"1291"," Diamond St"
"1293"," Diamond St"
"1295"," Diamond St"
"1297"," Diamond St"
"1299"," Diamond St"
"247"," Diamond St"
"249"," Diamond St"
"251"," Diamond St"
"253"," Diamond St"
"255"," Diamond St"
"257"," Diamond St"
"259"," Diamond St"
"261"," Diamond St"
"263"," Diamond St"
"265"," Diamond St"
"267"," Diamond St"
"269"," Diamond St"
"271"," Diamond St"
"273"," Diamond St"
"275"," Diamond St"
"277"," Diamond St"
"279"," Diamond St"
"281"," Diamond St"
"283"," Diamond St"
"285"," Diamond St"
"287"," Diamond St"
"289"," Diamond St"
"291"," Diamond St"
"293"," Diamond St"
"295"," Diamond St"
"297"," Diamond St"
"299"," Diamond St"
"2400"," N Mascher St"
"2402"," N Mascher St"
"2404"," N Mascher St"
"2406"," N Mascher St"
"2408"," N Mascher St"
"2410"," N Mascher St"
"2412"," N Mascher St"
"2414"," N Mascher St"
"2416"," N Mascher St"
"2418"," N Mascher St"
"2420"," N Mascher St"
"2422"," N Mascher St"
"2424"," N Mascher St"
"2426"," N Mascher St"
"2428"," N Mascher St"
"2430"," N Mascher St"
"2432"," N Mascher St"
"2434"," N Mascher St"
"2436"," N Mascher St"
"2438"," N Mascher St"
"2440"," N Mascher St"
"2442"," N Mascher St"
"2444"," N Mascher St"
"2446"," N Mascher St"
"2448"," N Mascher St"
"2450"," N Mascher St"
"2452"," N Mascher St"
"2454"," N Mascher St"
"2456"," N Mascher St"
"2458"," N Mascher St"
"2460"," N Mascher St"
"2462"," N Mascher St"
"2464"," N Mascher St"
"2466"," N Mascher St"
"2468"," N Mascher St"
"2470"," N Mascher St"
"2472"," N Mascher St"
"2474"," N Mascher St"
"2476"," N Mascher St"
"2478"," N Mascher St"
"2480"," N Mascher St"
"2482"," N Mascher St"
"2484"," N Mascher St"
"2486"," N Mascher St"
"2488"," N Mascher St"
"2490"," N Mascher St"
"2492"," N Mascher St"
"2494"," N Mascher St"
"2496"," N Mascher St"
"2498"," N Mascher St"
"1300"," W Colunbia Ave"
"1302"," W Colunbia Ave"
"1304"," W Colunbia Ave"
"1306"," W Colunbia Ave"
"1308"," W Colunbia Ave"
"1310"," W Colunbia Ave"
"1312"," W Colunbia Ave"
"1314"," W Colunbia Ave"
"1316"," W Colunbia Ave"
"1318"," W Colunbia Ave"
"1320"," W Colunbia Ave"
"1322"," W Colunbia Ave"
"1324"," W Colunbia Ave"
"1326"," W Colunbia Ave"
"1328"," W Colunbia Ave"
"1330"," W Colunbia Ave"
"1332"," W Colunbia Ave"
"1334"," W Colunbia Ave"
"1336"," W Colunbia Ave"
"1338"," W Colunbia Ave"
"1340"," W Colunbia Ave"
"1342"," W Colunbia Ave"
"1344"," W Colunbia Ave"
"1346"," W Colunbia Ave"
"1348"," W Colunbia Ave"
"1350"," W Colunbia Ave"
"1352"," W Colunbia Ave"
"1354"," W Colunbia Ave"
"1356"," W Colunbia Ave"
"1358"," W Colunbia Ave"
"1360"," W Colunbia Ave"
"1362"," W Colunbia Ave"
"1364"," W Colunbia Ave"
"1366"," W Colunbia Ave"
"1368"," W Colunbia Ave"
"1370"," W Colunbia Ave"
"1372"," W Colunbia Ave"
"1374"," W Colunbia Ave"
"1376"," W Colunbia Ave"
"1378"," W Colunbia Ave"
"1380"," W Colunbia Ave"
"1382"," W Colunbia Ave"
"1384"," W Colunbia Ave"
"1386"," W Colunbia Ave"
"1388"," W Colunbia Ave"
"1390"," W Colunbia Ave"
"1392"," W Colunbia Ave"
"1394"," W Colunbia Ave"
"1396"," W Colunbia Ave"
"1398"," W Colunbia Ave"
"1200"," W Colunbia Ave"
"1202"," W Colunbia Ave"
"1204"," W Colunbia Ave"
"1206"," W Colunbia Ave"
"1208"," W Colunbia Ave"
"1210"," W Colunbia Ave"
"1212"," W Colunbia Ave"
"1214"," W Colunbia Ave"
"1216"," W Colunbia Ave"
"1218"," W Colunbia Ave"
"1220"," W Colunbia Ave"
"1222"," W Colunbia Ave"
"1224"," W Colunbia Ave"
"1226"," W Colunbia Ave"
"1228"," W Colunbia Ave"
"1230"," W Colunbia Ave"
"1232"," W Colunbia Ave"
"1234"," W Colunbia Ave"
"1236"," W Colunbia Ave"
"1238"," W Colunbia Ave"
"1240"," W Colunbia Ave"
"1242"," W Colunbia Ave"
"1244"," W Colunbia Ave"
"1246"," W Colunbia Ave"
"1248"," W Colunbia Ave"
"900"," W Colunbia Ave"
"902"," W Colunbia Ave"
"904"," W Colunbia Ave"
"906"," W Colunbia Ave"
"908"," W Colunbia Ave"
"910"," W Colunbia Ave"
"912"," W Colunbia Ave"
"914"," W Colunbia Ave"
"916"," W Colunbia Ave"
"918"," W Colunbia Ave"
"920"," W Colunbia Ave"
"922"," W Colunbia Ave"
"924"," W Colunbia Ave"
"926"," W Colunbia Ave"
"928"," W Colunbia Ave"
"930"," W Colunbia Ave"
"932"," W Colunbia Ave"
"934"," W Colunbia Ave"
"936"," W Colunbia Ave"
"938"," W Colunbia Ave"
"940"," W Colunbia Ave"
"942"," W Colunbia Ave"
"944"," W Colunbia Ave"
"946"," W Colunbia Ave"
"948"," W Colunbia Ave"
"950"," W Colunbia Ave"
"952"," W Colunbia Ave"
"954"," W Colunbia Ave"
"956"," W Colunbia Ave"
"958"," W Colunbia Ave"
"960"," W Colunbia Ave"
"962"," W Colunbia Ave"
"964"," W Colunbia Ave"
"966"," W Colunbia Ave"
"968"," W Colunbia Ave"
"970"," W Colunbia Ave"
"972"," W Colunbia Ave"
"974"," W Colunbia Ave"
"976"," W Colunbia Ave"
"978"," W Colunbia Ave"
"980"," W Colunbia Ave"
"982"," W Colunbia Ave"
"984"," W Colunbia Ave"
"986"," W Colunbia Ave"
"988"," W Colunbia Ave"
"990"," W Colunbia Ave"
"992"," W Colunbia Ave"
"994"," W Colunbia Ave"
"996"," W Colunbia Ave"
"998"," W Colunbia Ave"
"901"," W Colunbia Ave"
"903"," W Colunbia Ave"
"905"," W Colunbia Ave"
"907"," W Colunbia Ave"
"909"," W Colunbia Ave"
"911"," W Colunbia Ave"
"913"," W Colunbia Ave"
"915"," W Colunbia Ave"
"917"," W Colunbia Ave"
"919"," W Colunbia Ave"
"921"," W Colunbia Ave"
"923"," W Colunbia Ave"
"925"," W Colunbia Ave"
"927"," W Colunbia Ave"
"929"," W Colunbia Ave"
"931"," W Colunbia Ave"
"933"," W Colunbia Ave"
"935"," W Colunbia Ave"
"937"," W Colunbia Ave"
"939"," W Colunbia Ave"
"941"," W Colunbia Ave"
"943"," W Colunbia Ave"
"945"," W Colunbia Ave"
"947"," W Colunbia Ave"
"949"," W Colunbia Ave"
"951"," W Colunbia Ave"
"953"," W Colunbia Ave"
"955"," W Colunbia Ave"
"957"," W Colunbia Ave"
"959"," W Colunbia Ave"
"961"," W Colunbia Ave"
"963"," W Colunbia Ave"
"965"," W Colunbia Ave"
"967"," W Colunbia Ave"
"969"," W Colunbia Ave"
"971"," W Colunbia Ave"
"973"," W Colunbia Ave"
"975"," W Colunbia Ave"
"977"," W Colunbia Ave"
"979"," W Colunbia Ave"
"981"," W Colunbia Ave"
"983"," W Colunbia Ave"
"985"," W Colunbia Ave"
"987"," W Colunbia Ave"
"989"," W Colunbia Ave"
"991"," W Colunbia Ave"
"993"," W Colunbia Ave"
"995"," W Colunbia Ave"
"997"," W Colunbia Ave"
"999"," W Colunbia Ave"
"2127"," N Fairhill St"
"2129"," N Fairhill St"
"2131"," N Fairhill St"
"2133"," N Fairhill St"
"2135"," N Fairhill St"
"2137"," N Fairhill St"
"2139"," N Fairhill St"
"2141"," N Fairhill St"
"2143"," N Fairhill St"
"2145"," N Fairhill St"
"2147"," N Fairhill St"
"2149"," N Fairhill St"
"2151"," N Fairhill St"
"2153"," N Fairhill St"
"2155"," N Fairhill St"
"2157"," N Fairhill St"
"2159"," N Fairhill St"
"2161"," N Fairhill St"
"2163"," N Fairhill St"
"2165"," N Fairhill St"
"2167"," N Fairhill St"
"2169"," N Fairhill St"
"2171"," N Fairhill St"
"2173"," N Fairhill St"
"2175"," N Fairhill St"
"2177"," N Fairhill St"
"2179"," N Fairhill St"
"2181"," N Fairhill St"
"2183"," N Fairhill St"
"2185"," N Fairhill St"
"2187"," N Fairhill St"
"2189"," N Fairhill St"
"2191"," N Fairhill St"
"2193"," N Fairhill St"
"2195"," N Fairhill St"
"2197"," N Fairhill St"
"2199"," N Fairhill St"
"100"," W Columbia Ave"
"102"," W Columbia Ave"
"104"," W Columbia Ave"
"106"," W Columbia Ave"
"108"," W Columbia Ave"
"110"," W Columbia Ave"
"112"," W Columbia Ave"
"114"," W Columbia Ave"
"116"," W Columbia Ave"
"118"," W Columbia Ave"
"120"," W Columbia Ave"
"122"," W Columbia Ave"
"124"," W Columbia Ave"
"126"," W Columbia Ave"
"128"," W Columbia Ave"
"130"," W Columbia Ave"
"132"," W Columbia Ave"
"134"," W Columbia Ave"
"136"," W Columbia Ave"
"138"," W Columbia Ave"
"140"," W Columbia Ave"
"142"," W Columbia Ave"
"144"," W Columbia Ave"
"146"," W Columbia Ave"
"148"," W Columbia Ave"
"150"," W Columbia Ave"
"152"," W Columbia Ave"
"154"," W Columbia Ave"
"156"," W Columbia Ave"
"158"," W Columbia Ave"
"160"," W Columbia Ave"
"162"," W Columbia Ave"
"164"," W Columbia Ave"
"166"," W Columbia Ave"
"168"," W Columbia Ave"
"170"," W Columbia Ave"
"172"," W Columbia Ave"
"174"," W Columbia Ave"
"176"," W Columbia Ave"
"178"," W Columbia Ave"
"180"," W Columbia Ave"
"182"," W Columbia Ave"
"184"," W Columbia Ave"
"186"," W Columbia Ave"
"188"," W Columbia Ave"
"190"," W Columbia Ave"
"192"," W Columbia Ave"
"194"," W Columbia Ave"
"196"," W Columbia Ave"
"198"," W Columbia Ave"
"1300"," N Cadwallader St"
"1302"," N Cadwallader St"
"1304"," N Cadwallader St"
"1306"," N Cadwallader St"
"1308"," N Cadwallader St"
"1310"," N Cadwallader St"
"1312"," N Cadwallader St"
"1314"," N Cadwallader St"
"1316"," N Cadwallader St"
"1318"," N Cadwallader St"
"1320"," N Cadwallader St"
"1322"," N Cadwallader St"
"1324"," N Cadwallader St"
"1326"," N Cadwallader St"
"1328"," N Cadwallader St"
"1330"," N Cadwallader St"
"1332"," N Cadwallader St"
"1334"," N Cadwallader St"
"1336"," N Cadwallader St"
"1338"," N Cadwallader St"
"1340"," N Cadwallader St"
"1342"," N Cadwallader St"
"1344"," N Cadwallader St"
"1346"," N Cadwallader St"
"1348"," N Cadwallader St"
"1350"," N Cadwallader St"
"1352"," N Cadwallader St"
"1354"," N Cadwallader St"
"1356"," N Cadwallader St"
"1358"," N Cadwallader St"
"1360"," N Cadwallader St"
"1362"," N Cadwallader St"
"1364"," N Cadwallader St"
"1366"," N Cadwallader St"
"1368"," N Cadwallader St"
"1370"," N Cadwallader St"
"1372"," N Cadwallader St"
"1374"," N Cadwallader St"
"1376"," N Cadwallader St"
"1378"," N Cadwallader St"
"1380"," N Cadwallader St"
"1382"," N Cadwallader St"
"1384"," N Cadwallader St"
"1386"," N Cadwallader St"
"1388"," N Cadwallader St"
"1390"," N Cadwallader St"
"1392"," N Cadwallader St"
"1394"," N Cadwallader St"
"1396"," N Cadwallader St"
"1398"," N Cadwallader St"
"1301"," N Cadwallader St"
"1303"," N Cadwallader St"
"1305"," N Cadwallader St"
"1307"," N Cadwallader St"
"1309"," N Cadwallader St"
"1311"," N Cadwallader St"
"1313"," N Cadwallader St"
"1315"," N Cadwallader St"
"1317"," N Cadwallader St"
"1319"," N Cadwallader St"
"1321"," N Cadwallader St"
"1323"," N Cadwallader St"
"1325"," N Cadwallader St"
"1327"," N Cadwallader St"
"1329"," N Cadwallader St"
"1331"," N Cadwallader St"
"1333"," N Cadwallader St"
"1335"," N Cadwallader St"
"1337"," N Cadwallader St"
"1339"," N Cadwallader St"
"1341"," N Cadwallader St"
"1343"," N Cadwallader St"
"1345"," N Cadwallader St"
"1347"," N Cadwallader St"
"1349"," N Cadwallader St"
"1351"," N Cadwallader St"
"1353"," N Cadwallader St"
"1355"," N Cadwallader St"
"1357"," N Cadwallader St"
"1359"," N Cadwallader St"
"1361"," N Cadwallader St"
"1363"," N Cadwallader St"
"1365"," N Cadwallader St"
"1367"," N Cadwallader St"
"1369"," N Cadwallader St"
"1371"," N Cadwallader St"
"1373"," N Cadwallader St"
"1375"," N Cadwallader St"
"1377"," N Cadwallader St"
"1379"," N Cadwallader St"
"1381"," N Cadwallader St"
"1383"," N Cadwallader St"
"1385"," N Cadwallader St"
"1387"," N Cadwallader St"
"1389"," N Cadwallader St"
"1391"," N Cadwallader St"
"1393"," N Cadwallader St"
"1395"," N Cadwallader St"
"1397"," N Cadwallader St"
"1399"," N Cadwallader St"
"1136"," Custis Pl"
"1138"," Custis Pl"
"1140"," Custis Pl"
"1142"," Custis Pl"
"1144"," Custis Pl"
"1146"," Custis Pl"
"1148"," Custis Pl"
"1150"," Custis Pl"
"1152"," Custis Pl"
"1154"," Custis Pl"
"1156"," Custis Pl"
"1158"," Custis Pl"
"1160"," Custis Pl"
"1162"," Custis Pl"
"1164"," Custis Pl"
"1166"," Custis Pl"
"1168"," Custis Pl"
"1170"," Custis Pl"
"1172"," Custis Pl"
"1174"," Custis Pl"
"1176"," Custis Pl"
"1178"," Custis Pl"
"1180"," Custis Pl"
"1182"," Custis Pl"
"1184"," Custis Pl"
"1186"," Custis Pl"
"1188"," Custis Pl"
"1190"," Custis Pl"
"1192"," Custis Pl"
"1194"," Custis Pl"
"1196"," Custis Pl"
"1198"," Custis Pl"
"1200"," Custis Pl"
"1202"," Custis Pl"
"1204"," Custis Pl"
"1206"," Custis Pl"
"1208"," Custis Pl"
"1210"," Custis Pl"
"1212"," Custis Pl"
"1214"," Custis Pl"
"1216"," Custis Pl"
"1218"," Custis Pl"
"1220"," Custis Pl"
"1222"," Custis Pl"
"1224"," Custis Pl"
"1226"," Custis Pl"
"1228"," Custis Pl"
"1230"," Custis Pl"
"1232"," Custis Pl"
"1234"," Custis Pl"
"1236"," Custis Pl"
"1238"," Custis Pl"
"1240"," Custis Pl"
"1242"," Custis Pl"
"1244"," Custis Pl"
"1246"," Custis Pl"
"1248"," Custis Pl"
"1250"," Custis Pl"
"1252"," Custis Pl"
"1254"," Custis Pl"
"1256"," Custis Pl"
"1258"," Custis Pl"
"1260"," Custis Pl"
"1262"," Custis Pl"
"1264"," Custis Pl"
"1266"," Custis Pl"
"1268"," Custis Pl"
"1270"," Custis Pl"
"1272"," Custis Pl"
"1274"," Custis Pl"
"1276"," Custis Pl"
"1278"," Custis Pl"
"1280"," Custis Pl"
"1282"," Custis Pl"
"1284"," Custis Pl"
"1286"," Custis Pl"
"1288"," Custis Pl"
"1290"," Custis Pl"
"1292"," Custis Pl"
"1294"," Custis Pl"
"1296"," Custis Pl"
"1298"," Custis Pl"
"900"," French St"
"902"," French St"
"904"," French St"
"906"," French St"
"908"," French St"
"910"," French St"
"912"," French St"
"914"," French St"
"916"," French St"
"918"," French St"
"920"," French St"
"922"," French St"
"924"," French St"
"926"," French St"
"928"," French St"
"901"," French St"
"903"," French St"
"905"," French St"
"907"," French St"
"909"," French St"
"911"," French St"
"913"," French St"
"915"," French St"
"917"," French St"
"919"," French St"
"921"," French St"
"923"," French St"
"925"," French St"
"927"," French St"
"929"," French St"
"1624"," N 13th St"
"1626"," N 13th St"
"1628"," N 13th St"
"1630"," N 13th St"
"1632"," N 13th St"
"1634"," N 13th St"
"1636"," N 13th St"
"1638"," N 13th St"
"1640"," N 13th St"
"1642"," N 13th St"
"1644"," N 13th St"
"1646"," N 13th St"
"1648"," N 13th St"
"1650"," N 13th St"
"1652"," N 13th St"
"1654"," N 13th St"
"1656"," N 13th St"
"1658"," N 13th St"
"1660"," N 13th St"
"1662"," N 13th St"
"1664"," N 13th St"
"1666"," N 13th St"
"1668"," N 13th St"
"1670"," N 13th St"
"1672"," N 13th St"
"1674"," N 13th St"
"1676"," N 13th St"
"1678"," N 13th St"
"1680"," N 13th St"
"1682"," N 13th St"
"1684"," N 13th St"
"1686"," N 13th St"
"1688"," N 13th St"
"1690"," N 13th St"
"1692"," N 13th St"
"1694"," N 13th St"
"1696"," N 13th St"
"1698"," N 13th St"
"1625"," N 13th St"
"1627"," N 13th St"
"1629"," N 13th St"
"1631"," N 13th St"
"1633"," N 13th St"
"1635"," N 13th St"
"1637"," N 13th St"
"1639"," N 13th St"
"1641"," N 13th St"
"1643"," N 13th St"
"1645"," N 13th St"
"1647"," N 13th St"
"1649"," N 13th St"
"1651"," N 13th St"
"1653"," N 13th St"
"1655"," N 13th St"
"1657"," N 13th St"
"1659"," N 13th St"
"1661"," N 13th St"
"1663"," N 13th St"
"1665"," N 13th St"
"1667"," N 13th St"
"1669"," N 13th St"
"1671"," N 13th St"
"1673"," N 13th St"
"1675"," N 13th St"
"1677"," N 13th St"
"1679"," N 13th St"
"1681"," N 13th St"
"1683"," N 13th St"
"1685"," N 13th St"
"1687"," N 13th St"
"1689"," N 13th St"
"1691"," N 13th St"
"1693"," N 13th St"
"1695"," N 13th St"
"1697"," N 13th St"
"1699"," N 13th St"
"1625"," N 12th St"
"1627"," N 12th St"
"1629"," N 12th St"
"1631"," N 12th St"
"1633"," N 12th St"
"1635"," N 12th St"
"1637"," N 12th St"
"1639"," N 12th St"
"1641"," N 12th St"
"1643"," N 12th St"
"1645"," N 12th St"
"1647"," N 12th St"
"1649"," N 12th St"
"1651"," N 12th St"
"1653"," N 12th St"
"1655"," N 12th St"
"1657"," N 12th St"
"1659"," N 12th St"
"1661"," N 12th St"
"1663"," N 12th St"
"1665"," N 12th St"
"1667"," N 12th St"
"1669"," N 12th St"
"1671"," N 12th St"
"1673"," N 12th St"
"1675"," N 12th St"
"1677"," N 12th St"
"1679"," N 12th St"
"1681"," N 12th St"
"1683"," N 12th St"
"1685"," N 12th St"
"1687"," N 12th St"
"1689"," N 12th St"
"1691"," N 12th St"
"1693"," N 12th St"
"1695"," N 12th St"
"1697"," N 12th St"
"1699"," N 12th St"
"1624"," N 12th St"
"1626"," N 12th St"
"1628"," N 12th St"
"1630"," N 12th St"
"1632"," N 12th St"
"1634"," N 12th St"
"1636"," N 12th St"
"1638"," N 12th St"
"1640"," N 12th St"
"1642"," N 12th St"
"1644"," N 12th St"
"1646"," N 12th St"
"1648"," N 12th St"
"1650"," N 12th St"
"1652"," N 12th St"
"1654"," N 12th St"
"1656"," N 12th St"
"1658"," N 12th St"
"1660"," N 12th St"
"1662"," N 12th St"
"1664"," N 12th St"
"1666"," N 12th St"
"1668"," N 12th St"
"1670"," N 12th St"
"1672"," N 12th St"
"1674"," N 12th St"
"1676"," N 12th St"
"1678"," N 12th St"
"1680"," N 12th St"
"1682"," N 12th St"
"1684"," N 12th St"
"1686"," N 12th St"
"1688"," N 12th St"
"1690"," N 12th St"
"1692"," N 12th St"
"1694"," N 12th St"
"1696"," N 12th St"
"1698"," N 12th St"
"2183"," State Rte 611"
"2185"," State Rte 611"
"2187"," State Rte 611"
"2189"," State Rte 611"
"2191"," State Rte 611"
"2193"," State Rte 611"
"2195"," State Rte 611"
"2197"," State Rte 611"
"2199"," State Rte 611"
"2166"," N Watts St"
"2168"," N Watts St"
"2170"," N Watts St"
"2172"," N Watts St"
"2174"," N Watts St"
"2176"," N Watts St"
"2178"," N Watts St"
"2180"," N Watts St"
"2182"," N Watts St"
"2184"," N Watts St"
"2186"," N Watts St"
"2188"," N Watts St"
"2190"," N Watts St"
"2192"," N Watts St"
"2194"," N Watts St"
"2196"," N Watts St"
"2198"," N Watts St"
"2167"," N Watts St"
"2169"," N Watts St"
"2171"," N Watts St"
"2173"," N Watts St"
"2175"," N Watts St"
"2177"," N Watts St"
"2179"," N Watts St"
"2181"," N Watts St"
"2183"," N Watts St"
"2185"," N Watts St"
"2187"," N Watts St"
"2189"," N Watts St"
"2191"," N Watts St"
"2193"," N Watts St"
"2195"," N Watts St"
"2197"," N Watts St"
"2199"," N Watts St"
"2165"," N Broad St"
"2167"," N Broad St"
"2169"," N Broad St"
"2171"," N Broad St"
"2173"," N Broad St"
"2175"," N Broad St"
"2177"," N Broad St"
"2179"," N Broad St"
"2181"," N Broad St"
"2149"," N Watts St"
"2151"," N Watts St"
"2153"," N Watts St"
"2155"," N Watts St"
"2157"," N Watts St"
"2159"," N Watts St"
"2161"," N Watts St"
"2163"," N Watts St"
"2165"," N Watts St"
"2148"," N Watts St"
"2150"," N Watts St"
"2152"," N Watts St"
"2154"," N Watts St"
"2156"," N Watts St"
"2158"," N Watts St"
"2160"," N Watts St"
"2162"," N Watts St"
"2164"," N Watts St"
"2145"," N Broad St"
"2147"," N Broad St"
"2149"," N Broad St"
"2151"," N Broad St"
"2153"," N Broad St"
"2155"," N Broad St"
"2157"," N Broad St"
"2159"," N Broad St"
"2161"," N Broad St"
"2163"," N Broad St"
"2041"," N Broad St"
"2043"," N Broad St"
"2045"," N Broad St"
"2047"," N Broad St"
"2049"," N Broad St"
"2051"," N Broad St"
"2053"," N Broad St"
"2055"," N Broad St"
"2057"," N Broad St"
"2059"," N Broad St"
"2061"," N Broad St"
"2063"," N Broad St"
"2065"," N Broad St"
"2067"," N Broad St"
"2069"," N Broad St"
"2071"," N Broad St"
"2073"," N Broad St"
"2075"," N Broad St"
"2077"," N Broad St"
"2079"," N Broad St"
"2081"," N Broad St"
"2083"," N Broad St"
"2085"," N Broad St"
"2087"," N Broad St"
"2089"," N Broad St"
"2091"," N Broad St"
"2093"," N Broad St"
"2095"," N Broad St"
"2097"," N Broad St"
"2099"," N Broad St"
"433"," W Jefferson St"
"435"," W Jefferson St"
"437"," W Jefferson St"
"439"," W Jefferson St"
"441"," W Jefferson St"
"443"," W Jefferson St"
"445"," W Jefferson St"
"447"," W Jefferson St"
"449"," W Jefferson St"
"451"," W Jefferson St"
"453"," W Jefferson St"
"455"," W Jefferson St"
"457"," W Jefferson St"
"459"," W Jefferson St"
"461"," W Jefferson St"
"463"," W Jefferson St"
"465"," W Jefferson St"
"467"," W Jefferson St"
"469"," W Jefferson St"
"471"," W Jefferson St"
"473"," W Jefferson St"
"475"," W Jefferson St"
"477"," W Jefferson St"
"479"," W Jefferson St"
"481"," W Jefferson St"
"483"," W Jefferson St"
"485"," W Jefferson St"
"487"," W Jefferson St"
"489"," W Jefferson St"
"491"," W Jefferson St"
"493"," W Jefferson St"
"495"," W Jefferson St"
"497"," W Jefferson St"
"499"," W Jefferson St"
"111"," W Jefferson St"
"113"," W Jefferson St"
"115"," W Jefferson St"
"117"," W Jefferson St"
"119"," W Jefferson St"
"121"," W Jefferson St"
"123"," W Jefferson St"
"125"," W Jefferson St"
"153"," W Jefferson St"
"407"," W Hewson St"
"409"," W Hewson St"
"411"," W Hewson St"
"413"," W Hewson St"
"415"," W Hewson St"
"417"," W Hewson St"
"419"," W Hewson St"
"421"," W Hewson St"
"423"," W Hewson St"
"425"," W Hewson St"
"427"," W Hewson St"
"429"," W Hewson St"
"2119"," Germantown Ave"
"2121"," Germantown Ave"
"2123"," Germantown Ave"
"2125"," Germantown Ave"
"2127"," Germantown Ave"
"2129"," Germantown Ave"
"2131"," Germantown Ave"
"2133"," Germantown Ave"
"2135"," Germantown Ave"
"2137"," Germantown Ave"
"2139"," Germantown Ave"
"2141"," Germantown Ave"
"2143"," Germantown Ave"
"2145"," Germantown Ave"
"2147"," Germantown Ave"
"2149"," Germantown Ave"
"2151"," Germantown Ave"
"2153"," Germantown Ave"
"2155"," Germantown Ave"
"2157"," Germantown Ave"
"2159"," Germantown Ave"
"2161"," Germantown Ave"
"2163"," Germantown Ave"
"2165"," Germantown Ave"
"2167"," Germantown Ave"
"2169"," Germantown Ave"
"2171"," Germantown Ave"
"2173"," Germantown Ave"
"2175"," Germantown Ave"
"2177"," Germantown Ave"
"2179"," Germantown Ave"
"2181"," Germantown Ave"
"2183"," Germantown Ave"
"2185"," Germantown Ave"
"2187"," Germantown Ave"
"2189"," Germantown Ave"
"2191"," Germantown Ave"
"2193"," Germantown Ave"
"2195"," Germantown Ave"
"2197"," Germantown Ave"
"2199"," Germantown Ave"
"1516"," N Hancock St"
"1310"," N Hancock St"
"1936"," N Hope St"
"1938"," N Hope St"
"1940"," N Hope St"
"1942"," N Hope St"
"1944"," N Hope St"
"1946"," N Hope St"
"1948"," N Hope St"
"1950"," N Hope St"
"1952"," N Hope St"
"1954"," N Hope St"
"1956"," N Hope St"
"1958"," N Hope St"
"1960"," N Hope St"
"1962"," N Hope St"
"1964"," N Hope St"
"1966"," N Hope St"
"1968"," N Hope St"
"1970"," N Hope St"
"1972"," N Hope St"
"1974"," N Hope St"
"1976"," N Hope St"
"1978"," N Hope St"
"1980"," N Hope St"
"1982"," N Hope St"
"1984"," N Hope St"
"1986"," N Hope St"
"1988"," N Hope St"
"1990"," N Hope St"
"1992"," N Hope St"
"1994"," N Hope St"
"1996"," N Hope St"
"1998"," N Hope St"
"1928"," N Hope St"
"1930"," N Hope St"
"1932"," N Hope St"
"1934"," N Hope St"
"1615"," N Hope St"
"1617"," N Hope St"
"1619"," N Hope St"
"1621"," N Hope St"
"1623"," N Hope St"
"1625"," N Hope St"
"1627"," N Hope St"
"1629"," N Hope St"
"1631"," N Hope St"
"1633"," N Hope St"
"1635"," N Hope St"
"1637"," N Hope St"
"1639"," N Hope St"
"1641"," N Hope St"
"1643"," N Hope St"
"1645"," N Hope St"
"1647"," N Hope St"
"1649"," N Hope St"
"1651"," N Hope St"
"1653"," N Hope St"
"1655"," N Hope St"
"1657"," N Hope St"
"1659"," N Hope St"
"1661"," N Hope St"
"1663"," N Hope St"
"1665"," N Hope St"
"1667"," N Hope St"
"1669"," N Hope St"
"1671"," N Hope St"
"1673"," N Hope St"
"1675"," N Hope St"
"1677"," N Hope St"
"1679"," N Hope St"
"1681"," N Hope St"
"1683"," N Hope St"
"1685"," N Hope St"
"1687"," N Hope St"
"1689"," N Hope St"
"1691"," N Hope St"
"1693"," N Hope St"
"1695"," N Hope St"
"1697"," N Hope St"
"1699"," N Hope St"
"1701"," N Hope St"
"1703"," N Hope St"
"1705"," N Hope St"
"1707"," N Hope St"
"1709"," N Hope St"
"1711"," N Hope St"
"1713"," N Hope St"
"1715"," N Hope St"
"1717"," N Hope St"
"1719"," N Hope St"
"1721"," N Hope St"
"1723"," N Hope St"
"1725"," N Hope St"
"1727"," N Hope St"
"1729"," N Hope St"
"1731"," N Hope St"
"1733"," N Hope St"
"1735"," N Hope St"
"1737"," N Hope St"
"1739"," N Hope St"
"1741"," N Hope St"
"1743"," N Hope St"
"1745"," N Hope St"
"1747"," N Hope St"
"1749"," N Hope St"
"1751"," N Hope St"
"1753"," N Hope St"
"1755"," N Hope St"
"1757"," N Hope St"
"1759"," N Hope St"
"1761"," N Hope St"
"1763"," N Hope St"
"1765"," N Hope St"
"1767"," N Hope St"
"1769"," N Hope St"
"1771"," N Hope St"
"1773"," N Hope St"
"1775"," N Hope St"
"1777"," N Hope St"
"1779"," N Hope St"
"1781"," N Hope St"
"1783"," N Hope St"
"1785"," N Hope St"
"1787"," N Hope St"
"1789"," N Hope St"
"1791"," N Hope St"
"1793"," N Hope St"
"1795"," N Hope St"
"1797"," N Hope St"
"1799"," N Hope St"
"1801"," N Hope St"
"1803"," N Hope St"
"1805"," N Hope St"
"1807"," N Hope St"
"1809"," N Hope St"
"1811"," N Hope St"
"1813"," N Hope St"
"1815"," N Hope St"
"1817"," N Hope St"
"1819"," N Hope St"
"1821"," N Hope St"
"1823"," N Hope St"
"1825"," N Hope St"
"1827"," N Hope St"
"1829"," N Hope St"
"1831"," N Hope St"
"1833"," N Hope St"
"1835"," N Hope St"
"1837"," N Hope St"
"1839"," N Hope St"
"1841"," N Hope St"
"1843"," N Hope St"
"1845"," N Hope St"
"1847"," N Hope St"
"1849"," N Hope St"
"1851"," N Hope St"
"1853"," N Hope St"
"1855"," N Hope St"
"1857"," N Hope St"
"1859"," N Hope St"
"1861"," N Hope St"
"1863"," N Hope St"
"1865"," N Hope St"
"1867"," N Hope St"
"1869"," N Hope St"
"1871"," N Hope St"
"1873"," N Hope St"
"1875"," N Hope St"
"1877"," N Hope St"
"1879"," N Hope St"
"1881"," N Hope St"
"1883"," N Hope St"
"1885"," N Hope St"
"1887"," N Hope St"
"1889"," N Hope St"
"1891"," N Hope St"
"1893"," N Hope St"
"1895"," N Hope St"
"1897"," N Hope St"
"1899"," N Hope St"
"1228"," N 13th St"
"2099"," N 7th St"
"2101"," N 7th St"
"2103"," N 7th St"
"2105"," N 7th St"
"2107"," N 7th St"
"2109"," N 7th St"
"2111"," N 7th St"
"2113"," N 7th St"
"424"," Diamond St"
"426"," Diamond St"
"428"," Diamond St"
"430"," Diamond St"
"432"," Diamond St"
"434"," Diamond St"
"436"," Diamond St"
"438"," Diamond St"
"106"," Diamond St"
"108"," Diamond St"
"110"," Diamond St"
"112"," Diamond St"
"114"," Diamond St"
"116"," Diamond St"
"118"," Diamond St"
"312"," Diamond St"
"314"," Diamond St"
"316"," Diamond St"
"318"," Diamond St"
"320"," Diamond St"
"322"," Diamond St"
"324"," Diamond St"
"326"," Diamond St"
"328"," Diamond St"
"330"," Diamond St"
"332"," Diamond St"
"334"," Diamond St"
"336"," Diamond St"
"338"," Diamond St"
"340"," Diamond St"
"342"," Diamond St"
"344"," Diamond St"
"346"," Diamond St"
"348"," Diamond St"
"350"," Diamond St"
"352"," Diamond St"
"354"," Diamond St"
"356"," Diamond St"
"358"," Diamond St"
"360"," Diamond St"
"362"," Diamond St"
"364"," Diamond St"
"366"," Diamond St"
"368"," Diamond St"
"370"," Diamond St"
"372"," Diamond St"
"374"," Diamond St"
"376"," Diamond St"
"378"," Diamond St"
"380"," Diamond St"
"382"," Diamond St"
"384"," Diamond St"
"386"," Diamond St"
"388"," Diamond St"
"390"," Diamond St"
"392"," Diamond St"
"394"," Diamond St"
"396"," Diamond St"
"398"," Diamond St"
"100"," Diamond St"
"102"," Diamond St"
"104"," Diamond St"
"2136"," N Fairhill St"
"2138"," N Fairhill St"
"2140"," N Fairhill St"
"2142"," N Fairhill St"
"2144"," N Fairhill St"
"2146"," N Fairhill St"
"2148"," N Fairhill St"
"2150"," N Fairhill St"
"2152"," N Fairhill St"
"2154"," N Fairhill St"
"2156"," N Fairhill St"
"2158"," N Fairhill St"
"2160"," N Fairhill St"
"2162"," N Fairhill St"
"2164"," N Fairhill St"
"2166"," N Fairhill St"
"2168"," N Fairhill St"
"2170"," N Fairhill St"
"2172"," N Fairhill St"
"2174"," N Fairhill St"
"2176"," N Fairhill St"
"2178"," N Fairhill St"
"2180"," N Fairhill St"
"2182"," N Fairhill St"
"2184"," N Fairhill St"
"2186"," N Fairhill St"
"2188"," N Fairhill St"
"2190"," N Fairhill St"
"2192"," N Fairhill St"
"2194"," N Fairhill St"
"2196"," N Fairhill St"
"2198"," N Fairhill St"
"1250"," W Colunbia Ave"
"1252"," W Colunbia Ave"
"1254"," W Colunbia Ave"
"1256"," W Colunbia Ave"
"1258"," W Colunbia Ave"
"1260"," W Colunbia Ave"
"1262"," W Colunbia Ave"
"1264"," W Colunbia Ave"
"1266"," W Colunbia Ave"
"1268"," W Colunbia Ave"
"1270"," W Colunbia Ave"
"1272"," W Colunbia Ave"
"1274"," W Colunbia Ave"
"1276"," W Colunbia Ave"
"1278"," W Colunbia Ave"
"1280"," W Colunbia Ave"
"1282"," W Colunbia Ave"
"1284"," W Colunbia Ave"
"1286"," W Colunbia Ave"
"1288"," W Colunbia Ave"
"1290"," W Colunbia Ave"
"1292"," W Colunbia Ave"
"1294"," W Colunbia Ave"
"1296"," W Colunbia Ave"
"1298"," W Colunbia Ave"
"1508"," Germantown Ave"
"1510"," Germantown Ave"
"1512"," Germantown Ave"
"1514"," Germantown Ave"
"1516"," Germantown Ave"
"1518"," Germantown Ave"
"1520"," Germantown Ave"
"1522"," Germantown Ave"
"1524"," Germantown Ave"
"1526"," Germantown Ave"
"1528"," Germantown Ave"
"1530"," Germantown Ave"
"1532"," Germantown Ave"
"1534"," Germantown Ave"
"1536"," Germantown Ave"
"1538"," Germantown Ave"
"1540"," Germantown Ave"
"1542"," Germantown Ave"
"1544"," Germantown Ave"
"1546"," Germantown Ave"
"1548"," Germantown Ave"
"1550"," Germantown Ave"
"1552"," Germantown Ave"
"1554"," Germantown Ave"
"1556"," Germantown Ave"
"1558"," Germantown Ave"
"1560"," Germantown Ave"
"1562"," Germantown Ave"
"1564"," Germantown Ave"
"1566"," Germantown Ave"
"1568"," Germantown Ave"
"1570"," Germantown Ave"
"1572"," Germantown Ave"
"1574"," Germantown Ave"
"1576"," Germantown Ave"
"1578"," Germantown Ave"
"1580"," Germantown Ave"
"1582"," Germantown Ave"
"1584"," Germantown Ave"
"1586"," Germantown Ave"
"1588"," Germantown Ave"
"1590"," Germantown Ave"
"1592"," Germantown Ave"
"1594"," Germantown Ave"
"1596"," Germantown Ave"
"1598"," Germantown Ave"
"1431"," N 4th St"
"1433"," N 4th St"
"1435"," N 4th St"
"1437"," N 4th St"
"1439"," N 4th St"
"1441"," N 4th St"
"1443"," N 4th St"
"1445"," N 4th St"
"1447"," N 4th St"
"1449"," N 4th St"
"1451"," N 4th St"
"1453"," N 4th St"
"1455"," N 4th St"
"1457"," N 4th St"
"1459"," N 4th St"
"1461"," N 4th St"
"1463"," N 4th St"
"1465"," N 4th St"
"1467"," N 4th St"
"1469"," N 4th St"
"1471"," N 4th St"
"1473"," N 4th St"
"1475"," N 4th St"
"1477"," N 4th St"
"1479"," N 4th St"
"1481"," N 4th St"
"1483"," N 4th St"
"1485"," N 4th St"
"1487"," N 4th St"
"1489"," N 4th St"
"1491"," N 4th St"
"1493"," N 4th St"
"1495"," N 4th St"
"1497"," N 4th St"
"1499"," N 4th St"
"1654"," N 4th St"
"1656"," N 4th St"
"1658"," N 4th St"
"1660"," N 4th St"
"1662"," N 4th St"
"1664"," N 4th St"
"1666"," N 4th St"
"1668"," N 4th St"
"1670"," N 4th St"
"1672"," N 4th St"
"1674"," N 4th St"
"1676"," N 4th St"
"1678"," N 4th St"
"1680"," N 4th St"
"1682"," N 4th St"
"1684"," N 4th St"
"1686"," N 4th St"
"1688"," N 4th St"
"1690"," N 4th St"
"1692"," N 4th St"
"1694"," N 4th St"
"1696"," N 4th St"
"1698"," N 4th St"
"1515"," N 9th St"
"1517"," N 9th St"
"1519"," N 9th St"
"1521"," N 9th St"
"1523"," N 9th St"
"1525"," N 9th St"
"1754"," N 3rd St"
"1756"," N 3rd St"
"1758"," N 3rd St"
"1760"," N 3rd St"
"1762"," N 3rd St"
"1764"," N 3rd St"
"1766"," N 3rd St"
"1768"," N 3rd St"
"1770"," N 3rd St"
"1772"," N 3rd St"
"1774"," N 3rd St"
"1776"," N 3rd St"
"1778"," N 3rd St"
"1780"," N 3rd St"
"1782"," N 3rd St"
"1784"," N 3rd St"
"1786"," N 3rd St"
"1788"," N 3rd St"
"1790"," N 3rd St"
"1792"," N 3rd St"
"1794"," N 3rd St"
"1796"," N 3rd St"
"1798"," N 3rd St"
"1761"," N 3rd St"
"1763"," N 3rd St"
"1765"," N 3rd St"
"1767"," N 3rd St"
"1769"," N 3rd St"
"1771"," N 3rd St"
"1773"," N 3rd St"
"1775"," N 3rd St"
"1777"," N 3rd St"
"1779"," N 3rd St"
"1781"," N 3rd St"
"1783"," N 3rd St"
"1785"," N 3rd St"
"1787"," N 3rd St"
"1789"," N 3rd St"
"1791"," N 3rd St"
"1793"," N 3rd St"
"1795"," N 3rd St"
"1797"," N 3rd St"
"1799"," N 3rd St"
"2006"," N 3rd St"
"2008"," N 3rd St"
"2010"," N 3rd St"
"2012"," N 3rd St"
"2014"," N 3rd St"
"2016"," N 3rd St"
"2018"," N 3rd St"
"2020"," N 3rd St"
"2022"," N 3rd St"
"2024"," N 3rd St"
"2026"," N 3rd St"
"2028"," N 3rd St"
"2030"," N 3rd St"
"2032"," N 3rd St"
"2034"," N 3rd St"
"2036"," N 3rd St"
"2038"," N 3rd St"
"2040"," N 3rd St"
"2042"," N 3rd St"
"2044"," N 3rd St"
"2046"," N 3rd St"
"2048"," N 3rd St"
"2050"," N 3rd St"
"2052"," N 3rd St"
"2054"," N 3rd St"
"2056"," N 3rd St"
"2058"," N 3rd St"
"2060"," N 3rd St"
"2062"," N 3rd St"
"2064"," N 3rd St"
"2066"," N 3rd St"
"2068"," N 3rd St"
"2070"," N 3rd St"
"2072"," N 3rd St"
"2074"," N 3rd St"
"2076"," N 3rd St"
"2078"," N 3rd St"
"2080"," N 3rd St"
"2082"," N 3rd St"
"2084"," N 3rd St"
"2086"," N 3rd St"
"2088"," N 3rd St"
"2090"," N 3rd St"
"2092"," N 3rd St"
"2094"," N 3rd St"
"2096"," N 3rd St"
"2098"," N 3rd St"
"2014"," N 8th St"
"2016"," N 8th St"
"2028"," N 8th St"
"2030"," N 8th St"
"2032"," N 8th St"
"2034"," N 8th St"
"2036"," N 8th St"
"2038"," N 8th St"
"2040"," N 8th St"
"2042"," N 8th St"
"2044"," N 8th St"
"2046"," N 8th St"
"2048"," N 8th St"
"2050"," N 8th St"
"2052"," N 8th St"
"2054"," N 8th St"
"2056"," N 8th St"
"2058"," N 8th St"
"2060"," N 8th St"
"2062"," N 8th St"
"2064"," N 8th St"
"2066"," N 8th St"
"2068"," N 8th St"
"2070"," N 8th St"
"2072"," N 8th St"
"2074"," N 8th St"
"2076"," N 8th St"
"2078"," N 8th St"
"2080"," N 8th St"
"2082"," N 8th St"
"2084"," N 8th St"
"2086"," N 8th St"
"2088"," N 8th St"
"2090"," N 8th St"
"2092"," N 8th St"
"2094"," N 8th St"
"2096"," N 8th St"
"2098"," N 8th St"
"2006"," N 8th St"
"2008"," N 8th St"
"1920"," N 5th St"
"1922"," N 5th St"
"1924"," N 5th St"
"1926"," N 5th St"
"1928"," N 5th St"
"1930"," N 5th St"
"1932"," N 5th St"
"1934"," N 5th St"
"1936"," N 5th St"
"1938"," N 5th St"
"1940"," N 5th St"
"1942"," N 5th St"
"1944"," N 5th St"
"1946"," N 5th St"
"1948"," N 5th St"
"1950"," N 5th St"
"1952"," N 5th St"
"1954"," N 5th St"
"1956"," N 5th St"
"1958"," N 5th St"
"1960"," N 5th St"
"1962"," N 5th St"
"1964"," N 5th St"
"1966"," N 5th St"
"1968"," N 5th St"
"1970"," N 5th St"
"1972"," N 5th St"
"1974"," N 5th St"
"1976"," N 5th St"
"1978"," N 5th St"
"1980"," N 5th St"
"1982"," N 5th St"
"1984"," N 5th St"
"1986"," N 5th St"
"1988"," N 5th St"
"1990"," N 5th St"
"1992"," N 5th St"
"1994"," N 5th St"
"1996"," N 5th St"
"1998"," N 5th St"
"1820"," N 6th St"
"1822"," N 6th St"
"1824"," N 6th St"
"1826"," N 6th St"
"1828"," N 6th St"
"1830"," N 6th St"
"1832"," N 6th St"
"1834"," N 6th St"
"1836"," N 6th St"
"1838"," N 6th St"
"1840"," N 6th St"
"1842"," N 6th St"
"1844"," N 6th St"
"1846"," N 6th St"
"1848"," N 6th St"
"1850"," N 6th St"
"1852"," N 6th St"
"1854"," N 6th St"
"1856"," N 6th St"
"1858"," N 6th St"
"1860"," N 6th St"
"1862"," N 6th St"
"1864"," N 6th St"
"1866"," N 6th St"
"1868"," N 6th St"
"1870"," N 6th St"
"1872"," N 6th St"
"1874"," N 6th St"
"1876"," N 6th St"
"1878"," N 6th St"
"1880"," N 6th St"
"1882"," N 6th St"
"1884"," N 6th St"
"1886"," N 6th St"
"1888"," N 6th St"
"1890"," N 6th St"
"1892"," N 6th St"
"1894"," N 6th St"
"1896"," N 6th St"
"1898"," N 6th St"
"1812"," N 6th St"
"1814"," N 6th St"
"1816"," N 6th St"
"1818"," N 6th St"
"1622"," N 6th St"
"1624"," N 6th St"
"1626"," N 6th St"
"1628"," N 6th St"
"1630"," N 6th St"
"1632"," N 6th St"
"1634"," N 6th St"
"1636"," N 6th St"
"1638"," N 6th St"
"1640"," N 6th St"
"1642"," N 6th St"
"1644"," N 6th St"
"1646"," N 6th St"
"1648"," N 6th St"
"1650"," N 6th St"
"1652"," N 6th St"
"1654"," N 6th St"
"1656"," N 6th St"
"1658"," N 6th St"
"1660"," N 6th St"
"1662"," N 6th St"
"1664"," N 6th St"
"1666"," N 6th St"
"1668"," N 6th St"
"1670"," N 6th St"
"1672"," N 6th St"
"1674"," N 6th St"
"1676"," N 6th St"
"1678"," N 6th St"
"1680"," N 6th St"
"1682"," N 6th St"
"1684"," N 6th St"
"1686"," N 6th St"
"1688"," N 6th St"
"1690"," N 6th St"
"1692"," N 6th St"
"1694"," N 6th St"
"1696"," N 6th St"
"1698"," N 6th St"
"2166"," N 2nd St"
"2168"," N 2nd St"
"2170"," N 2nd St"
"2172"," N 2nd St"
"2174"," N 2nd St"
"2176"," N 2nd St"
"2178"," N 2nd St"
"2180"," N 2nd St"
"2182"," N 2nd St"
"2184"," N 2nd St"
"2186"," N 2nd St"
"2188"," N 2nd St"
"2190"," N 2nd St"
"2192"," N 2nd St"
"2194"," N 2nd St"
"2196"," N 2nd St"
"2198"," N 2nd St"
"1706"," N 2nd St"
"1708"," N 2nd St"
"1710"," N 2nd St"
"1712"," N 2nd St"
"1714"," N 2nd St"
"1716"," N 2nd St"
"1718"," N 2nd St"
"1720"," N 2nd St"
"1722"," N 2nd St"
"1724"," N 2nd St"
"1726"," N 2nd St"
"1728"," N 2nd St"
"1730"," N 2nd St"
"1732"," N 2nd St"
"1734"," N 2nd St"
"1736"," N 2nd St"
"1738"," N 2nd St"
"1740"," N 2nd St"
"1742"," N 2nd St"
"1744"," N 2nd St"
"1746"," N 2nd St"
"1748"," N 2nd St"
"1750"," N 2nd St"
"1752"," N 2nd St"
"1754"," N 2nd St"
"1756"," N 2nd St"
"1758"," N 2nd St"
"1760"," N 2nd St"
"1762"," N 2nd St"
"1764"," N 2nd St"
"1766"," N 2nd St"
"1768"," N 2nd St"
"1770"," N 2nd St"
"1772"," N 2nd St"
"1774"," N 2nd St"
"1776"," N 2nd St"
"1778"," N 2nd St"
"1780"," N 2nd St"
"1782"," N 2nd St"
"1784"," N 2nd St"
"1786"," N 2nd St"
"1788"," N 2nd St"
"1790"," N 2nd St"
"1792"," N 2nd St"
"1794"," N 2nd St"
"1796"," N 2nd St"
"1798"," N 2nd St"
"1222"," N 2nd St"
"1224"," N 2nd St"
"1226"," N 2nd St"
"1228"," N 2nd St"
"1230"," N 2nd St"
"1232"," N 2nd St"
"1234"," N 2nd St"
"1236"," N 2nd St"
"1238"," N 2nd St"
"1240"," N 2nd St"
"1242"," N 2nd St"
"1244"," N 2nd St"
"1246"," N 2nd St"
"1248"," N 2nd St"
"1221"," N 2nd St"
"1223"," N 2nd St"
"1225"," N 2nd St"
"1628"," N 2nd St"
"1630"," N 2nd St"
"1632"," N 2nd St"
"1634"," N 2nd St"
"1636"," N 2nd St"
"1638"," N 2nd St"
"1640"," N 2nd St"
"1642"," N 2nd St"
"1644"," N 2nd St"
"1646"," N 2nd St"
"1648"," N 2nd St"
"1650"," N 2nd St"
"1652"," N 2nd St"
"1654"," N 2nd St"
"1656"," N 2nd St"
"1658"," N 2nd St"
"1660"," N 2nd St"
"1662"," N 2nd St"
"1664"," N 2nd St"
"1666"," N 2nd St"
"1668"," N 2nd St"
"1670"," N 2nd St"
"1672"," N 2nd St"
"1674"," N 2nd St"
"1676"," N 2nd St"
"1678"," N 2nd St"
"1680"," N 2nd St"
"1682"," N 2nd St"
"1684"," N 2nd St"
"1686"," N 2nd St"
"1688"," N 2nd St"
"1690"," N 2nd St"
"1692"," N 2nd St"
"1694"," N 2nd St"
"1696"," N 2nd St"
"1698"," N 2nd St"
"1217"," N 2nd St"
"1219"," N 2nd St"
"1227"," N 2nd St"
"1229"," N 2nd St"
"1231"," N 2nd St"
"1233"," N 2nd St"
"1235"," N 2nd St"
"1237"," N 2nd St"
"1239"," N 2nd St"
"1241"," N 2nd St"
"1243"," N 2nd St"
"1245"," N 2nd St"
"1247"," N 2nd St"
"1249"," N 2nd St"
"1251"," N 2nd St"
"1253"," N 2nd St"
"1255"," N 2nd St"
"1257"," N 2nd St"
"1259"," N 2nd St"
"1261"," N 2nd St"
"1263"," N 2nd St"
"1265"," N 2nd St"
"1267"," N 2nd St"
"1269"," N 2nd St"
"1271"," N 2nd St"
"1273"," N 2nd St"
"1275"," N 2nd St"
"1277"," N 2nd St"
"1279"," N 2nd St"
"1281"," N 2nd St"
"1283"," N 2nd St"
"1285"," N 2nd St"
"1287"," N 2nd St"
"1289"," N 2nd St"
"1291"," N 2nd St"
"1293"," N 2nd St"
"1295"," N 2nd St"
"1297"," N 2nd St"
"1299"," N 2nd St"
"1206"," N 2nd St"
"1208"," N 2nd St"
"1210"," N 2nd St"
"1212"," N 2nd St"
"1214"," N 2nd St"
"1216"," N 2nd St"
"401"," N 2nd St"
"403"," N 2nd St"
"405"," N 2nd St"
"407"," N 2nd St"
"409"," N 2nd St"
"411"," N 2nd St"
"413"," N 2nd St"
"1227"," N 12th St"
"1229"," N 12th St"
"1231"," N 12th St"
"1233"," N 12th St"
"1235"," N 12th St"
"1237"," N 12th St"
"1239"," N 12th St"
"1241"," N 12th St"
"1243"," N 12th St"
"1245"," N 12th St"
"1247"," N 12th St"
"1249"," N 12th St"
"1251"," N 12th St"
"1253"," N 12th St"
"1255"," N 12th St"
"1257"," N 12th St"
"1259"," N 12th St"
"1244"," N 12th St"
"1246"," N 12th St"
"1248"," N 12th St"
"1250"," N 12th St"
"1252"," N 12th St"
"1254"," N 12th St"
"1256"," N 12th St"
"1258"," N 12th St"
"1260"," N 12th St"
"1262"," N 12th St"
"1264"," N 12th St"
"1266"," N 12th St"
"1268"," N 12th St"
"1270"," N 12th St"
"1272"," N 12th St"
"1274"," N 12th St"
"1276"," N 12th St"
"1278"," N 12th St"
"1280"," N 12th St"
"1282"," N 12th St"
"1284"," N 12th St"
"1286"," N 12th St"
"1288"," N 12th St"
"1290"," N 12th St"
"1292"," N 12th St"
"1294"," N 12th St"
"1296"," N 12th St"
"1298"," N 12th St"
"1234"," N 12th St"
"1236"," N 12th St"
"1238"," N 12th St"
"1240"," N 12th St"
"1242"," N 12th St"
"932"," French St"
"934"," French St"
"936"," French St"
"938"," French St"
"940"," French St"
"942"," French St"
"944"," French St"
"946"," French St"
"948"," French St"
"950"," French St"
"952"," French St"
"954"," French St"
"956"," French St"
"958"," French St"
"960"," French St"
"962"," French St"
"964"," French St"
"966"," French St"
"968"," French St"
"970"," French St"
"972"," French St"
"974"," French St"
"976"," French St"
"978"," French St"
"980"," French St"
"982"," French St"
"984"," French St"
"986"," French St"
"988"," French St"
"990"," French St"
"992"," French St"
"994"," French St"
"996"," French St"
"998"," French St"
"933"," French St"
"935"," French St"
"937"," French St"
"939"," French St"
"941"," French St"
"943"," French St"
"945"," French St"
"947"," French St"
"949"," French St"
"951"," French St"
"953"," French St"
"955"," French St"
"957"," French St"
"959"," French St"
"961"," French St"
"963"," French St"
"965"," French St"
"967"," French St"
"969"," French St"
"971"," French St"
"973"," French St"
"975"," French St"
"977"," French St"
"979"," French St"
"981"," French St"
"983"," French St"
"985"," French St"
"987"," French St"
"989"," French St"
"991"," French St"
"993"," French St"
"995"," French St"
"997"," French St"
"999"," French St"
"1222"," W Susquehanna Ave"
"1224"," W Susquehanna Ave"
"1226"," W Susquehanna Ave"
"1228"," W Susquehanna Ave"
"1230"," W Susquehanna Ave"
"1232"," W Susquehanna Ave"
"1234"," W Susquehanna Ave"
"1236"," W Susquehanna Ave"
"1238"," W Susquehanna Ave"
"1240"," W Susquehanna Ave"
"1242"," W Susquehanna Ave"
"1244"," W Susquehanna Ave"
"1246"," W Susquehanna Ave"
"1248"," W Susquehanna Ave"
"1250"," W Susquehanna Ave"
"1252"," W Susquehanna Ave"
"1254"," W Susquehanna Ave"
"1256"," W Susquehanna Ave"
"1258"," W Susquehanna Ave"
"1260"," W Susquehanna Ave"
"1262"," W Susquehanna Ave"
"1264"," W Susquehanna Ave"
"1266"," W Susquehanna Ave"
"1268"," W Susquehanna Ave"
"1270"," W Susquehanna Ave"
"1272"," W Susquehanna Ave"
"1274"," W Susquehanna Ave"
"1276"," W Susquehanna Ave"
"1278"," W Susquehanna Ave"
"1280"," W Susquehanna Ave"
"1282"," W Susquehanna Ave"
"1284"," W Susquehanna Ave"
"1286"," W Susquehanna Ave"
"1288"," W Susquehanna Ave"
"1290"," W Susquehanna Ave"
"1292"," W Susquehanna Ave"
"1294"," W Susquehanna Ave"
"1296"," W Susquehanna Ave"
"1298"," W Susquehanna Ave"
"258"," W Susquehanna Ave"
"260"," W Susquehanna Ave"
"262"," W Susquehanna Ave"
"264"," W Susquehanna Ave"
"266"," W Susquehanna Ave"
"268"," W Susquehanna Ave"
"270"," W Susquehanna Ave"
"272"," W Susquehanna Ave"
"274"," W Susquehanna Ave"
"276"," W Susquehanna Ave"
"278"," W Susquehanna Ave"
"280"," W Susquehanna Ave"
"282"," W Susquehanna Ave"
"284"," W Susquehanna Ave"
"286"," W Susquehanna Ave"
"288"," W Susquehanna Ave"
"290"," W Susquehanna Ave"
"292"," W Susquehanna Ave"
"294"," W Susquehanna Ave"
"296"," W Susquehanna Ave"
"298"," W Susquehanna Ave"
"1221"," W Susquehanna Ave"
"1223"," W Susquehanna Ave"
"1225"," W Susquehanna Ave"
"1227"," W Susquehanna Ave"
"1229"," W Susquehanna Ave"
"1231"," W Susquehanna Ave"
"1233"," W Susquehanna Ave"
"1235"," W Susquehanna Ave"
"1237"," W Susquehanna Ave"
"1239"," W Susquehanna Ave"
"1241"," W Susquehanna Ave"
"1243"," W Susquehanna Ave"
"1245"," W Susquehanna Ave"
"1247"," W Susquehanna Ave"
"1249"," W Susquehanna Ave"
"1251"," W Susquehanna Ave"
"1253"," W Susquehanna Ave"
"1255"," W Susquehanna Ave"
"1257"," W Susquehanna Ave"
"1259"," W Susquehanna Ave"
"1261"," W Susquehanna Ave"
"1263"," W Susquehanna Ave"
"1265"," W Susquehanna Ave"
"1267"," W Susquehanna Ave"
"1269"," W Susquehanna Ave"
"1271"," W Susquehanna Ave"
"1273"," W Susquehanna Ave"
"1275"," W Susquehanna Ave"
"1277"," W Susquehanna Ave"
"1279"," W Susquehanna Ave"
"1281"," W Susquehanna Ave"
"1283"," W Susquehanna Ave"
"1285"," W Susquehanna Ave"
"1287"," W Susquehanna Ave"
"1289"," W Susquehanna Ave"
"1291"," W Susquehanna Ave"
"1293"," W Susquehanna Ave"
"1295"," W Susquehanna Ave"
"1297"," W Susquehanna Ave"
"1299"," W Susquehanna Ave"
"1438"," Guilford Pl"
"1440"," Guilford Pl"
"1442"," Guilford Pl"
"1444"," Guilford Pl"
"1446"," Guilford Pl"
"1448"," Guilford Pl"
"1450"," Guilford Pl"
"1452"," Guilford Pl"
"1454"," Guilford Pl"
"1456"," Guilford Pl"
"1458"," Guilford Pl"
"1460"," Guilford Pl"
"1462"," Guilford Pl"
"1464"," Guilford Pl"
"1466"," Guilford Pl"
"1468"," Guilford Pl"
"1470"," Guilford Pl"
"1472"," Guilford Pl"
"1474"," Guilford Pl"
"1476"," Guilford Pl"
"1478"," Guilford Pl"
"1480"," Guilford Pl"
"1482"," Guilford Pl"
"1484"," Guilford Pl"
"1486"," Guilford Pl"
"1488"," Guilford Pl"
"1490"," Guilford Pl"
"1492"," Guilford Pl"
"1494"," Guilford Pl"
"1496"," Guilford Pl"
"1498"," Guilford Pl"
"1324"," N 11th St"
"1326"," N 11th St"
"1328"," N 11th St"
"1330"," N 11th St"
"1332"," N 11th St"
"1334"," N 11th St"
"1336"," N 11th St"
"1338"," N 11th St"
"1340"," N 11th St"
"1342"," N 11th St"
"1344"," N 11th St"
"1346"," N 11th St"
"1348"," N 11th St"
"1350"," N 11th St"
"1352"," N 11th St"
"1354"," N 11th St"
"1356"," N 11th St"
"1358"," N 11th St"
"1360"," N 11th St"
"1362"," N 11th St"
"1364"," N 11th St"
"1366"," N 11th St"
"1368"," N 11th St"
"1370"," N 11th St"
"1372"," N 11th St"
"1374"," N 11th St"
"1376"," N 11th St"
"1378"," N 11th St"
"1380"," N 11th St"
"1382"," N 11th St"
"1384"," N 11th St"
"1386"," N 11th St"
"1388"," N 11th St"
"1390"," N 11th St"
"1392"," N 11th St"
"1394"," N 11th St"
"1396"," N 11th St"
"1398"," N 11th St"
"1222"," N 11th St"
"1224"," N 11th St"
"1226"," N 11th St"
"1228"," N 11th St"
"1230"," N 11th St"
"1232"," N 11th St"
"1234"," N 11th St"
"1236"," N 11th St"
"1238"," N 11th St"
"1240"," N 11th St"
"1242"," N 11th St"
"1244"," N 11th St"
"1246"," N 11th St"
"1248"," N 11th St"
"1250"," N 11th St"
"1252"," N 11th St"
"1254"," N 11th St"
"1256"," N 11th St"
"1258"," N 11th St"
"1260"," N 11th St"
"1262"," N 11th St"
"1264"," N 11th St"
"1266"," N 11th St"
"1268"," N 11th St"
"1270"," N 11th St"
"1272"," N 11th St"
"1274"," N 11th St"
"1276"," N 11th St"
"1278"," N 11th St"
"1280"," N 11th St"
"1282"," N 11th St"
"1284"," N 11th St"
"1286"," N 11th St"
"1288"," N 11th St"
"1290"," N 11th St"
"1292"," N 11th St"
"1294"," N 11th St"
"1296"," N 11th St"
"1298"," N 11th St"
"1323"," N 11th St"
"1325"," N 11th St"
"1327"," N 11th St"
"1329"," N 11th St"
"1331"," N 11th St"
"1333"," N 11th St"
"1335"," N 11th St"
"1337"," N 11th St"
"1339"," N 11th St"
"1341"," N 11th St"
"1343"," N 11th St"
"1345"," N 11th St"
"1347"," N 11th St"
"1349"," N 11th St"
"1351"," N 11th St"
"1353"," N 11th St"
"1355"," N 11th St"
"1357"," N 11th St"
"1359"," N 11th St"
"1361"," N 11th St"
"1363"," N 11th St"
"1365"," N 11th St"
"1367"," N 11th St"
"1369"," N 11th St"
"1371"," N 11th St"
"1373"," N 11th St"
"1375"," N 11th St"
"1377"," N 11th St"
"1379"," N 11th St"
"1381"," N 11th St"
"1383"," N 11th St"
"1385"," N 11th St"
"1387"," N 11th St"
"1389"," N 11th St"
"1391"," N 11th St"
"1393"," N 11th St"
"1395"," N 11th St"
"1397"," N 11th St"
"1399"," N 11th St"
"1624"," N 10th St"
"1626"," N 10th St"
"1628"," N 10th St"
"1630"," N 10th St"
"1632"," N 10th St"
"1634"," N 10th St"
"1636"," N 10th St"
"1638"," N 10th St"
"1640"," N 10th St"
"1642"," N 10th St"
"1644"," N 10th St"
"1646"," N 10th St"
"1648"," N 10th St"
"1650"," N 10th St"
"1652"," N 10th St"
"1654"," N 10th St"
"1656"," N 10th St"
"1658"," N 10th St"
"1660"," N 10th St"
"1662"," N 10th St"
"1664"," N 10th St"
"1666"," N 10th St"
"1668"," N 10th St"
"1670"," N 10th St"
"1672"," N 10th St"
"1674"," N 10th St"
"1676"," N 10th St"
"1678"," N 10th St"
"1680"," N 10th St"
"1682"," N 10th St"
"1684"," N 10th St"
"1686"," N 10th St"
"1688"," N 10th St"
"1690"," N 10th St"
"1692"," N 10th St"
"1694"," N 10th St"
"1696"," N 10th St"
"1698"," N 10th St"
"2137"," N 10th St"
"2139"," N 10th St"
"2141"," N 10th St"
"2143"," N 10th St"
"2145"," N 10th St"
"2147"," N 10th St"
"2149"," N 10th St"
"2151"," N 10th St"
"2153"," N 10th St"
"2155"," N 10th St"
"2157"," N 10th St"
"2159"," N 10th St"
"2161"," N 10th St"
"2163"," N 10th St"
"2165"," N 10th St"
"2167"," N 10th St"
"2169"," N 10th St"
"2171"," N 10th St"
"2173"," N 10th St"
"2175"," N 10th St"
"2177"," N 10th St"
"2179"," N 10th St"
"2181"," N 10th St"
"2183"," N 10th St"
"2185"," N 10th St"
"2187"," N 10th St"
"2189"," N 10th St"
"2191"," N 10th St"
"2193"," N 10th St"
"2195"," N 10th St"
"2197"," N 10th St"
"2199"," N 10th St"
"1212"," N 10th St"
"1214"," N 10th St"
"1216"," N 10th St"
"1218"," N 10th St"
"1220"," N 10th St"
"1222"," N 10th St"
"1224"," N 10th St"
"1226"," N 10th St"
"1228"," N 10th St"
"1230"," N 10th St"
"1232"," N 10th St"
"1234"," N 10th St"
"1236"," N 10th St"
"1238"," N 10th St"
"1240"," N 10th St"
"1242"," N 10th St"
"1244"," N 10th St"
"1246"," N 10th St"
"1248"," N 10th St"
"1250"," N 10th St"
"1252"," N 10th St"
"1254"," N 10th St"
"1256"," N 10th St"
"1258"," N 10th St"
"1260"," N 10th St"
"1262"," N 10th St"
"1264"," N 10th St"
"1266"," N 10th St"
"1268"," N 10th St"
"1270"," N 10th St"
"1272"," N 10th St"
"1274"," N 10th St"
"1276"," N 10th St"
"1278"," N 10th St"
"1280"," N 10th St"
"1282"," N 10th St"
"1284"," N 10th St"
"1286"," N 10th St"
"1288"," N 10th St"
"1290"," N 10th St"
"1292"," N 10th St"
"1294"," N 10th St"
"1296"," N 10th St"
"1298"," N 10th St"
"1801"," N 10th St"
"1333"," N 10th St"
"1335"," N 10th St"
"1337"," N 10th St"
"1339"," N 10th St"
"1341"," N 10th St"
"1343"," N 10th St"
"1345"," N 10th St"
"1347"," N 10th St"
"1349"," N 10th St"
"1351"," N 10th St"
"1353"," N 10th St"
"1355"," N 10th St"
"1357"," N 10th St"
"1359"," N 10th St"
"1361"," N 10th St"
"1363"," N 10th St"
"1365"," N 10th St"
"1367"," N 10th St"
"1369"," N 10th St"
"1371"," N 10th St"
"1373"," N 10th St"
"1375"," N 10th St"
"1377"," N 10th St"
"1379"," N 10th St"
"1381"," N 10th St"
"1383"," N 10th St"
"1385"," N 10th St"
"1387"," N 10th St"
"1389"," N 10th St"
"1391"," N 10th St"
"1393"," N 10th St"
"1395"," N 10th St"
"1397"," N 10th St"
"1399"," N 10th St"
"1215"," N 10th St"
"1217"," N 10th St"
"1219"," N 10th St"
"1221"," N 10th St"
"1223"," N 10th St"
"1225"," N 10th St"
"1227"," N 10th St"
"1229"," N 10th St"
"1231"," N 10th St"
"1233"," N 10th St"
"1235"," N 10th St"
"1237"," N 10th St"
"1239"," N 10th St"
"1241"," N 10th St"
"1243"," N 10th St"
"1245"," N 10th St"
"1247"," N 10th St"
"1249"," N 10th St"
"1251"," N 10th St"
"1253"," N 10th St"
"1255"," N 10th St"
"1257"," N 10th St"
"1259"," N 10th St"
"1261"," N 10th St"
"1263"," N 10th St"
"1265"," N 10th St"
"1267"," N 10th St"
"1269"," N 10th St"
"1271"," N 10th St"
"1273"," N 10th St"
"1275"," N 10th St"
"1277"," N 10th St"
"1279"," N 10th St"
"1281"," N 10th St"
"1283"," N 10th St"
"1285"," N 10th St"
"1287"," N 10th St"
"1289"," N 10th St"
"1291"," N 10th St"
"1293"," N 10th St"
"1295"," N 10th St"
"1297"," N 10th St"
"1299"," N 10th St"
"1818"," N Mascher St"
"1820"," N Mascher St"
"1822"," N Mascher St"
"1824"," N Mascher St"
"1814"," N Mascher St"
"1816"," N Mascher St"
"525"," Morse St"
"527"," Morse St"
"529"," Morse St"
"531"," Morse St"
"533"," Morse St"
"535"," Morse St"
"537"," Morse St"
"539"," Morse St"
"541"," Morse St"
"543"," Morse St"
"545"," Morse St"
"547"," Morse St"
"549"," Morse St"
"551"," Morse St"
"553"," Morse St"
"555"," Morse St"
"557"," Morse St"
"559"," Morse St"
"561"," Morse St"
"563"," Morse St"
"565"," Morse St"
"567"," Morse St"
"569"," Morse St"
"571"," Morse St"
"573"," Morse St"
"575"," Morse St"
"577"," Morse St"
"579"," Morse St"
"581"," Morse St"
"583"," Morse St"
"585"," Morse St"
"587"," Morse St"
"589"," Morse St"
"591"," Morse St"
"593"," Morse St"
"595"," Morse St"
"597"," Morse St"
"599"," Morse St"
"217"," W Stiles St"
"219"," W Stiles St"
"221"," W Stiles St"
"223"," W Stiles St"
"225"," W Stiles St"
"227"," W Stiles St"
"229"," W Stiles St"
"231"," W Stiles St"
"233"," W Stiles St"
"235"," W Stiles St"
"237"," W Stiles St"
"239"," W Stiles St"
"241"," W Stiles St"
"243"," W Stiles St"
"245"," W Stiles St"
"247"," W Stiles St"
"249"," W Stiles St"
"251"," W Stiles St"
"253"," W Stiles St"
"255"," W Stiles St"
"257"," W Stiles St"
"259"," W Stiles St"
"261"," W Stiles St"
"263"," W Stiles St"
"265"," W Stiles St"
"267"," W Stiles St"
"269"," W Stiles St"
"271"," W Stiles St"
"273"," W Stiles St"
"275"," W Stiles St"
"277"," W Stiles St"
"279"," W Stiles St"
"281"," W Stiles St"
"283"," W Stiles St"
"285"," W Stiles St"
"287"," W Stiles St"
"289"," W Stiles St"
"291"," W Stiles St"
"293"," W Stiles St"
"295"," W Stiles St"
"297"," W Stiles St"
"299"," W Stiles St"
"213"," W Stiles St"
"215"," W Stiles St"
"205"," W Stiles St"
"207"," W Stiles St"
"1601"," N Franklin St"
"1603"," N Franklin St"
"1605"," N Franklin St"
"1607"," N Franklin St"
"1609"," N Franklin St"
"1611"," N Franklin St"
"1613"," N Franklin St"
"1615"," N Franklin St"
"1617"," N Franklin St"
"1619"," N Franklin St"
"1621"," N Franklin St"
"1623"," N Franklin St"
"1625"," N Franklin St"
"1627"," N Franklin St"
"1629"," N Franklin St"
"1631"," N Franklin St"
"1633"," N Franklin St"
"1635"," N Franklin St"
"1637"," N Franklin St"
"1639"," N Franklin St"
"1641"," N Franklin St"
"1643"," N Franklin St"
"1645"," N Franklin St"
"1647"," N Franklin St"
"1649"," N Franklin St"
"1651"," N Franklin St"
"1653"," N Franklin St"
"1655"," N Franklin St"
"1657"," N Franklin St"
"1659"," N Franklin St"
"1661"," N Franklin St"
"1663"," N Franklin St"
"1665"," N Franklin St"
"1667"," N Franklin St"
"1669"," N Franklin St"
"1671"," N Franklin St"
"1673"," N Franklin St"
"1675"," N Franklin St"
"1677"," N Franklin St"
"1679"," N Franklin St"
"1681"," N Franklin St"
"1683"," N Franklin St"
"1685"," N Franklin St"
"1687"," N Franklin St"
"1689"," N Franklin St"
"1691"," N Franklin St"
"1693"," N Franklin St"
"1695"," N Franklin St"
"1697"," N Franklin St"
"1699"," N Franklin St"
"1701"," N Franklin St"
"1703"," N Franklin St"
"1705"," N Franklin St"
"1707"," N Franklin St"
"1709"," N Franklin St"
"1711"," N Franklin St"
"1713"," N Franklin St"
"1715"," N Franklin St"
"1717"," N Franklin St"
"1719"," N Franklin St"
"1721"," N Franklin St"
"1723"," N Franklin St"
"1725"," N Franklin St"
"1727"," N Franklin St"
"1729"," N Franklin St"
"1731"," N Franklin St"
"1733"," N Franklin St"
"1735"," N Franklin St"
"1737"," N Franklin St"
"1739"," N Franklin St"
"1741"," N Franklin St"
"1743"," N Franklin St"
"1745"," N Franklin St"
"1747"," N Franklin St"
"1749"," N Franklin St"
"1751"," N Franklin St"
"1753"," N Franklin St"
"1755"," N Franklin St"
"1757"," N Franklin St"
"1759"," N Franklin St"
"1761"," N Franklin St"
"1763"," N Franklin St"
"1765"," N Franklin St"
"1767"," N Franklin St"
"1769"," N Franklin St"
"1771"," N Franklin St"
"1773"," N Franklin St"
"1775"," N Franklin St"
"1777"," N Franklin St"
"1779"," N Franklin St"
"1781"," N Franklin St"
"1783"," N Franklin St"
"1785"," N Franklin St"
"1787"," N Franklin St"
"1789"," N Franklin St"
"1791"," N Franklin St"
"1793"," N Franklin St"
"1795"," N Franklin St"
"1797"," N Franklin St"
"1799"," N Franklin St"
"1101"," W Colunbia Ave"
"1103"," W Colunbia Ave"
"1105"," W Colunbia Ave"
"1107"," W Colunbia Ave"
"1109"," W Colunbia Ave"
"1111"," W Colunbia Ave"
"1113"," W Colunbia Ave"
"1115"," W Colunbia Ave"
"1117"," W Colunbia Ave"
"1119"," W Colunbia Ave"
"1121"," W Colunbia Ave"
"1123"," W Colunbia Ave"
"1125"," W Colunbia Ave"
"1127"," W Colunbia Ave"
"1129"," W Colunbia Ave"
"1131"," W Colunbia Ave"
"1133"," W Colunbia Ave"
"1135"," W Colunbia Ave"
"1137"," W Colunbia Ave"
"1139"," W Colunbia Ave"
"1141"," W Colunbia Ave"
"1143"," W Colunbia Ave"
"1145"," W Colunbia Ave"
"1147"," W Colunbia Ave"
"1149"," W Colunbia Ave"
"1151"," W Colunbia Ave"
"1153"," W Colunbia Ave"
"1155"," W Colunbia Ave"
"1157"," W Colunbia Ave"
"1159"," W Colunbia Ave"
"1161"," W Colunbia Ave"
"1163"," W Colunbia Ave"
"1165"," W Colunbia Ave"
"1167"," W Colunbia Ave"
"1169"," W Colunbia Ave"
"1171"," W Colunbia Ave"
"1173"," W Colunbia Ave"
"1175"," W Colunbia Ave"
"1177"," W Colunbia Ave"
"1179"," W Colunbia Ave"
"1181"," W Colunbia Ave"
"1183"," W Colunbia Ave"
"1185"," W Colunbia Ave"
"1187"," W Colunbia Ave"
"1189"," W Colunbia Ave"
"1191"," W Colunbia Ave"
"1193"," W Colunbia Ave"
"1195"," W Colunbia Ave"
"1197"," W Colunbia Ave"
"1199"," W Colunbia Ave"
"125"," W Wilt St"
"125"," W Wilt St"